0.028079584374346715	-0.0036649722278488824	-0.03716452370978249
0.028079584374346715	0.0081457676246763	-0.03716452370978249
0.04628035395400698	0.012521616791691328	-0.03716452370978249
0.04628035395400698	0.011174475021937833	-0.04477241872243504
0.04628035395400698	0.013421892421854686	-0.04477241872243504
0.04628035395400698	0.006165434577809288	-0.04477241872243504
0.0491614922746367	0.006563079707585523	-0.04477241872243504
0.0491614922746367	0.009939866672834032	-0.04477241872243504
0.0491614922746367	0.010396038736279978	-0.04477241872243504
0.0491614922746367	0.0019693588320631684	-0.04477241872243504
0.0491614922746367	0.007543081742560702	-0.04477241872243504
0.0491614922746367	-0.0018183573668397002	-0.04477241872243504
0.0491614922746367	0.003917973557903432	-0.04477241872243504
0.0491614922746367	0.0011479163626344504	-0.04477241872243504
0.0491614922746367	0.0011590240562303201	-0.04477241872243504
0.0491614922746367	0.013305605184049265	-0.04477241872243504
0.0491614922746367	0.006307950977237628	-0.04477241872243504
0.05033747895259172	0.00244074979999841	-0.04477241872243504
0.05033747895259172	0.013946937127237624	-0.04477241872243504
0.05033747895259172	0.007276648428515586	-0.04477241872243504
0.05033747895259172	0.0061869588501093035	-0.04477241872243504
0.05033747895259172	0.0078040076247576015	-0.04477241872243504
0.05033747895259172	0.00875033321980587	-0.04477241872243504
0.05033747895259172	0.004909197847143122	-0.04477241872243504
0.05033747895259172	0.012213400614929187	-0.04477241872243504
0.05033747895259172	0.0016739120447540434	-0.04477241872243504
0.05033747895259172	-5.751905310568912E-4	-0.04477241872243504
0.05033747895259172	0.0038800863943616844	-0.04477241872243504
0.05033747895259172	0.007894660457319876	-0.04477241872243504
0.05033747895259172	0.007727390421162739	-0.04477241872243504
0.05033747895259172	0.016547079213894377	-0.04477241872243504
0.05033747895259172	0.015773396552728507	-0.04477241872243504
0.05033747895259172	0.007527978663049379	-0.04477241872243504
0.05033747895259172	0.01760373383950645	-0.04477241872243504
0.05033747895259172	0.0028114249859597707	-0.04477241872243504
0.05033747895259172	0.011467067874742751	-0.04477241872243504
0.05033747895259172	0.008360802671563087	-0.04477241872243504
0.05033747895259172	0.008825249672264748	-0.04477241872243504
0.05033747895259172	0.0011449335708729976	-0.04477241872243504
0.05033747895259172	0.004846017572910729	-0.04477241872243504
0.05033747895259172	0.006385928217039982	-0.04477241872243504
0.05033747895259172	0.0036511791684229996	-0.04477241872243504
0.05033747895259172	0.007136241549652429	-0.04477241872243504
0.05033747895259172	-3.360054413908454E-4	-0.04477241872243504
0.05033747895259172	0.005025762885345769	-0.04477241872243504
0.05033747895259172	0.005550620420411141	-0.04477241872243504
0.05033747895259172	0.0016713109459451502	-0.04477241872243504
0.05033747895259172	-2.1560365809457084E-4	-0.04477241872243504
0.05033747895259172	0.0012832469399779646	-0.04477241872243504
0.05033747895259172	0.011042884483480122	-0.04477241872243504
0.05033747895259172	-0.002426129176591833	-0.04477241872243504
0.05033747895259172	0.010325391145901145	-0.04477241872243504
0.05033747895259172	0.009810845796468312	-0.04477241872243504
0.05033747895259172	9.502610076804138E-4	-0.04477241872243504
0.05033747895259172	0.009435441516687121	-0.04477241872243504
0.05033747895259172	0.005499487609680792	-0.04477241872243504
0.05033747895259172	-3.1242060913338825E-4	-0.04477241872243504
0.05033747895259172	0.004383811403669799	-0.04477241872243504
0.05033747895259172	0.004380364995766077	-0.04477241872243504
0.05033747895259172	0.009541932885167505	-0.04477241872243504
0.05033747895259172	0.003656422185470747	-0.04477241872243504
0.05033747895259172	-0.002983062891599604	-0.04477241872243504
0.05033747895259172	0.007374285932491206	-0.04477241872243504
0.05033747895259172	-0.005105664756655328	-0.04477241872243504
0.05033747895259172	0.01043499948235351	-0.04477241872243504
0.05053917499852646	-4.5983572035184357E-4	-0.04477241872243504
0.05053917499852646	-0.003322981780915546	-0.04477241872243504
0.05053917499852646	-5.739501896558925E-4	-0.04477241872243504
0.0536726077193095	0.013831961455076189	-0.04477241872243504
0.0536726077193095	0.004769122573791233	-0.04477241872243504
0.0536726077193095	0.0061890979689131105	-0.04477241872243504
0.0536726077193095	-0.001184399160036178	-0.04477241872243504
0.0536726077193095	-3.35910561712173E-4	-0.04477241872243504
0.0536726077193095	6.988659270593526E-4	-0.04477241872243504
0.0536726077193095	0.0035658565037033885	-0.04477241872243504
0.0536726077193095	0.019452651888369837	-0.04477241872243504
0.0536726077193095	0.015958881302887938	-0.04477241872243504
0.0536726077193095	0.0058753576870352615	-0.04477241872243504
0.0536726077193095	0.0029985291851953775	-0.04477241872243504
0.0536726077193095	0.005543169828764166	-0.04477241872243504
0.0536726077193095	0.005553325387007075	-0.04477241872243504
0.0536726077193095	0.01034343448998983	-0.04477241872243504
0.0536726077193095	0.006854334228673454	-0.04477241872243504
0.0536726077193095	-0.0017554019451721393	-0.04477241872243504
0.0536726077193095	0.010812238795462255	-0.04477241872243504
0.0536726077193095	-0.001364294851913336	-0.04477241872243504
0.0536726077193095	0.010914481750196344	-0.04477241872243504
0.0536726077193095	0.013471143769700596	-0.04477241872243504
0.0536726077193095	7.313957193893916E-4	-0.04477241872243504
0.0536726077193095	0.012084727363737852	-0.04477241872243504
0.0536726077193095	0.005345725968218288	-0.04477241872243504
0.0536726077193095	0.010833253215054895	-0.04477241872243504
0.0536726077193095	0.013049469409012124	-0.04477241872243504
0.0536726077193095	0.012556905354808898	-0.04477241872243504
0.0536726077193095	0.011513537271867966	-0.04477241872243504
0.0536726077193095	0.0038266388557757908	-0.04477241872243504
0.0536726077193095	0.009410087162286218	-0.04477241872243504
0.05382505379086483	0.005232020589165637	-0.04477241872243504
0.05382505379086483	0.017577205275556694	-0.04477241872243504
0.05382505379086483	0.003846845643791212	-0.04477241872243504
0.05382505379086483	0.00999950128330789	-0.04477241872243504
0.028079584374346715	-0.005466891551815095	-0.03716452370978249
0.07198842346302228	0.004184909968623282	-0.044271142172421715
0.07198842346302228	0.0029056985849302496	-0.04608474454228702
0.07198842346302228	-0.0020161791991250475	-0.04608474454228702
0.07198842346302228	0.004424573087597398	-0.04608474454228702
0.07198842346302228	0.013445706182629543	-0.04608474454228702
0.07198842346302228	0.015441235572182948	-0.04608474454228702
0.07198842346302228	0.009602863465538687	-0.04608474454228702
0.07198842346302228	0.008476946147354687	-0.04608474454228702
0.07198842346302228	0.008917307074521697	-0.04608474454228702
0.07198842346302228	0.01141436598614045	-0.04608474454228702
0.07198842346302228	0.008084606262311857	-0.04608474454228702
0.07198842346302228	0.013441188277807376	-0.04608474454228702
0.07225970229150065	0.014589984531963512	-0.04608474454228702
0.07225970229150065	0.011745922591999265	-0.04608474454228702
0.07225970229150065	0.005003532307124143	-0.04608474454228702
0.07225970229150065	0.014519034486376101	-0.04608474454228702
0.07225970229150065	0.009271185013530508	-0.04608474454228702
0.07225970229150065	0.005035293156018384	-0.04608474454228702
0.07225970229150065	0.006737907080148596	-0.04608474454228702
0.07225970229150065	0.012335989558937884	-0.04608474454228702
0.07225970229150065	0.0059563101900790205	-0.04608474454228702
0.07225970229150065	0.01603887561655758	-0.04608474454228702
0.07225970229150065	0.001239420286380988	-0.04608474454228702
0.07225970229150065	0.005320577483211115	-0.04622988589497708
0.07225970229150065	0.007199804016879455	-0.04622988589497708
0.07225970229150065	0.011783547774829808	-0.04622988589497708
0.07225970229150065	0.009874576659148915	-0.04622988589497708
0.07225970229150065	0.00988735937042069	-0.04622988589497708
0.07225970229150065	5.204537758906669E-4	-0.04622988589497708
0.07225970229150065	0.012037007274075525	-0.04622988589497708
0.07225970229150065	0.013169681576182294	-0.04622988589497708
0.07225970229150065	0.0061832426596724445	-0.04622988589497708
0.07225970229150065	0.013418958962180632	-0.04622988589497708
0.07225970229150065	0.008645370472456709	-0.04622988589497708
0.07225970229150065	0.019628536397453662	-0.04622988589497708
0.07225970229150065	0.011798489070684122	-0.04622988589497708
0.07353174547683335	0.0013784667521557791	-0.04622988589497708
0.07353174547683335	0.009322979766631722	-0.04622988589497708
0.07353174547683335	0.015258652097352481	-0.04622988589497708
0.07415307686611602	0.007257884751032109	-0.04622988589497708
0.07415307686611602	0.01678255850665717	-0.04622988589497708
0.07415307686611602	0.015835808995786824	-0.04622988589497708
0.07415307686611602	0.01015002353586605	-0.04652437196420424
0.07415307686611602	0.0010047018790198964	-0.04652437196420424
0.07415307686611602	0.0055986393066049635	-0.04652437196420424
0.07415307686611602	0.006396116999665488	-0.0468307226347634
0.07415307686611602	0.005312305559863509	-0.0468307226347634
0.07415307686611602	0.007975067526402516	-0.0468307226347634
0.07415307686611602	0.013524654158923542	-0.0468307226347634
0.07415307686611602	0.008813224764792741	-0.0468307226347634
0.07415307686611602	-0.004224859343381108	-0.0468307226347634
0.07415307686611602	0.0016966768843666407	-0.0468307226347634
0.07415307686611602	0.006517561412743231	-0.0468307226347634
0.07415307686611602	0.014828350054952703	-0.0468307226347634
0.07415307686611602	0.012273306976480528	-0.0468307226347634
0.07415307686611602	0.0068395280375762495	-0.0468307226347634
0.07415307686611602	0.004185851545163911	-0.0468307226347634
0.07415307686611602	0.0012922348683894222	-0.0468307226347634
0.07415307686611602	0.010975789228593493	-0.0468307226347634
0.07415307686611602	0.002680133807397834	-0.0468307226347634
0.07415307686611602	0.002851751645049218	-0.0468307226347634
0.07415307686611602	0.005258700055401212	-0.0468307226347634
0.07415307686611602	0.013200730200828667	-0.0468307226347634
0.07415307686611602	0.005396544498403297	-0.0468307226347634
0.07415307686611602	0.004084664090742982	-0.0468307226347634
0.07415307686611602	0.018218579858406185	-0.0468307226347634
0.07415307686611602	-1.493912729961501E-4	-0.0468307226347634
0.07415307686611602	0.004691292399814877	-0.0468307226347634
0.07415307686611602	0.01442919149090435	-0.0468307226347634
0.07415307686611602	0.010865036966922809	-0.0468307226347634
0.07415307686611602	0.013793177949943499	-0.0468307226347634
0.07415307686611602	0.00868310881601256	-0.0468307226347634
0.07415307686611602	0.014209528310316976	-0.0468307226347634
0.07415307686611602	-0.004869215605372875	-0.0468307226347634
0.07415307686611602	0.01056360768065059	-0.0468307226347634
0.07415307686611602	0.008828784354882473	-0.0468307226347634
0.07461425311326256	0.010537817221518062	-0.0468307226347634
0.07461425311326256	-1.6384080153659524E-4	-0.0468307226347634
0.07461425311326256	0.013883312914534008	-0.0468307226347634
0.07461425311326256	0.0035812915060887823	-0.0468307226347634
0.07461425311326256	0.012496682721311842	-0.0468307226347634
0.07461425311326256	0.017121710052488328	-0.04732088519193958
0.07461425311326256	-0.0021663074571583044	-0.04732088519193958
0.07461425311326256	0.014739001538256202	-0.04732088519193958
0.07461425311326256	0.019265609129385304	-0.04732088519193958
0.07461425311326256	0.013808916437391183	-0.04732088519193958
0.07461425311326256	0.01822469231645827	-0.04732088519193958
0.07461425311326256	7.812617311224072E-4	-0.04732088519193958
0.07461425311326256	0.009168720972448726	-0.04732088519193958
0.07461425311326256	0.01798100326533733	-0.04732088519193958
0.07461425311326256	0.00920482957191689	-0.04732088519193958
0.07461425311326256	0.012083386232479275	-0.04732088519193958
0.07461425311326256	0.018187035313599366	-0.04732088519193958
0.07461425311326256	0.014281390646614493	-0.04732088519193958
0.07461425311326256	0.011569594954270708	-0.04732088519193958
0.07461425311326256	0.004624391298724639	-0.04732088519193958
0.07461425311326256	0.0037841208237071647	-0.04732088519193958
0.07461425311326256	0.002906447741446386	-0.04732088519193958
0.07461425311326256	0.012187243188349716	-0.04732088519193958
0.07461425311326256	0.011812136827491363	-0.04732088519193958
0.04172198537646554	-0.0010835052447496628	-0.03716452370978249
0.07117272950932281	0.011352925065284094	-0.045213690187556416
0.07117272950932281	0.008866956861436287	-0.045213690187556416
0.07117272950932281	0.009599744523206482	-0.045213690187556416
0.07117272950932281	0.004070757351751898	-0.045213690187556416
0.07166352157063532	-0.0012257932007164682	-0.045213690187556416
0.07166352157063532	0.012468528858494733	-0.045213690187556416
0.07278281694619744	0.001633588916198222	-0.045213690187556416
0.07278281694619744	0.005661413241494849	-0.045213690187556416
0.07278281694619744	0.012411831966066874	-0.045213690187556416
0.07278281694619744	0.006807005674895411	-0.045213690187556416
0.07278281694619744	0.007191666617636412	-0.045213690187556416
0.07278281694619744	0.010745630815322538	-0.045213690187556416
0.07278281694619744	0.006536650053480376	-0.045213690187556416
0.07278281694619744	0.011326319845170884	-0.045213690187556416
0.07278281694619744	0.0030764914043824735	-0.045213690187556416
0.07278281694619744	0.002063598165916539	-0.045213690187556416
0.07278281694619744	0.008124972741640684	-0.045213690187556416
0.07278281694619744	0.012645817860498681	-0.045213690187556416
0.07278281694619744	0.010005984443202326	-0.04530430140526251
0.07278281694619744	0.009378723129497998	-0.04530430140526251
0.07278281694619744	0.01843442516405669	-0.04530430140526251
0.07278281694619744	0.006362146042179602	-0.04530430140526251
0.07278281694619744	0.004433610595927895	-0.04530430140526251
0.07278281694619744	0.015782286063187816	-0.04530430140526251
0.07278281694619744	0.01184560295527409	-0.04530430140526251
0.07278281694619744	0.005968358014105016	-0.04530430140526251
0.07278281694619744	0.0027640100594444788	-0.04530430140526251
0.07278281694619744	0.006509520381052697	-0.046516515898853916
0.07278281694619744	0.010019378620127289	-0.046516515898853916
0.07278281694619744	0.010056534827801009	-0.046516515898853916
0.07278281694619744	0.0038705900371316937	-0.046516515898853916
0.07278281694619744	0.01182257051044945	-0.046516515898853916
0.07278281694619744	0.007033814988021472	-0.046516515898853916
0.07278281694619744	0.009939916162343992	-0.046516515898853916
0.07278281694619744	0.012550005600218064	-0.046516515898853916
0.07278281694619744	0.00707434937412139	-0.046516515898853916
0.07278281694619744	0.012656183621814376	-0.046516515898853916
0.07278281694619744	0.01608422902643456	-0.046516515898853916
0.07278281694619744	0.005129864906009214	-0.046516515898853916
0.07350867119300301	0.01373442576378304	-0.046516515898853916
0.07350867119300301	0.009781844504917809	-0.046516515898853916
0.07350867119300301	0.012812875523729953	-0.046516515898853916
0.07350867119300301	0.01317902725529237	-0.046516515898853916
0.07350867119300301	0.010933911535689195	-0.046516515898853916
0.07350867119300301	0.008796266193261328	-0.046516515898853916
0.07350867119300301	0.012871735997753264	-0.046516515898853916
0.07350867119300301	0.00929158655679342	-0.046516515898853916
0.07350867119300301	0.0035459040337557173	-0.046516515898853916
0.07350867119300301	0.012857273567893393	-0.046516515898853916
0.07350867119300301	0.01699103376656843	-0.046516515898853916
0.07350867119300301	0.018254183033536646	-0.046516515898853916
0.07350867119300301	0.018577066605068485	-0.046516515898853916
0.07350867119300301	0.0101632946122853	-0.046516515898853916
0.07350867119300301	0.0076469891317601695	-0.046516515898853916
0.07350867119300301	0.005278940469762412	-0.046516515898853916
0.07350867119300301	0.010816683223076592	-0.046516515898853916
0.07350867119300301	0.005007559236345241	-0.046516515898853916
0.07350867119300301	0.02050144336917395	-0.046516515898853916
0.07350867119300301	0.01114575020726644	-0.047420562738842945
0.07350867119300301	0.019684294845570247	-0.047420562738842945
0.07350867119300301	0.012290040017403133	-0.047420562738842945
0.07350867119300301	0.01704459310363795	-0.047420562738842945
0.07350867119300301	0.013678025893913046	-0.047420562738842945
0.07350867119300301	0.021189590162200494	-0.047420562738842945
0.07350867119300301	0.005010605478011864	-0.047420562738842945
0.07350867119300301	0.01092657958359937	-0.047420562738842945
0.07350867119300301	8.092529492433886E-4	-0.047420562738842945
0.07350867119300301	0.024396576228492024	-0.047420562738842945
0.07350867119300301	0.011404755310497951	-0.047420562738842945
0.07350867119300301	0.014280916564405676	-0.047420562738842945
0.07350867119300301	0.006219981225335224	-0.047420562738842945
0.07350867119300301	0.021948050020348882	-0.047420562738842945
0.07350867119300301	0.0076425032145503	-0.047420562738842945
0.07350867119300301	0.01601219992393273	-0.047420562738842945
0.07350867119300301	0.002011989108626989	-0.047420562738842945
0.07350867119300301	0.0026452629261770285	-0.047420562738842945
0.07350867119300301	0.01201185392560975	-0.047420562738842945
0.07350867119300301	0.00812160905378343	-0.047420562738842945
0.07350867119300301	0.013687526706286545	-0.047420562738842945
0.07350867119300301	-0.0032338361321097497	-0.047420562738842945
0.07350867119300301	0.015120156499820353	-0.047420562738842945
0.07350867119300301	0.014547896045667646	-0.047420562738842945
0.07350867119300301	0.003323653024115694	-0.047420562738842945
0.07350867119300301	0.009048973709248256	-0.047420562738842945
0.07350867119300301	0.007349202193465032	-0.047420562738842945
0.07350867119300301	0.013335752107857545	-0.047420562738842945
0.07350867119300301	0.01130897226344528	-0.047420562738842945
0.07350867119300301	0.014182637382117858	-0.047420562738842945
0.07350867119300301	0.0017120004672391462	-0.047420562738842945
0.07350867119300301	0.01550564491931149	-0.047420562738842945
0.07350867119300301	0.016609272823943574	-0.047420562738842945
0.07350867119300301	0.00624987048836292	-0.047420562738842945
0.07350867119300301	0.014892200328965868	-0.047420562738842945
0.07350867119300301	0.006393144549761048	-0.047420562738842945
0.07350867119300301	0.007675544985556959	-0.047420562738842945
0.07350867119300301	0.003642496232577278	-0.047420562738842945
0.07350867119300301	0.011218140760904279	-0.047420562738842945
0.07350867119300301	0.006848796230157177	-0.047420562738842945
0.07350867119300301	0.004720430761674247	-0.047420562738842945
0.07350867119300301	0.01091373796945606	-0.047420562738842945
0.043369087852971	0.004048382729816305	-0.03716452370978249
0.06729322580538376	0.016231276252753914	-0.04601610023472301
0.0717637650260075	0.010539560343337329	-0.04601610023472301
0.0717637650260075	5.229417392335466E-4	-0.04601610023472301
0.0717637650260075	0.016575286995352795	-0.04601610023472301
0.0717637650260075	-0.0016649686103263565	-0.04601610023472301
0.0717637650260075	0.017152729771386828	-0.04601610023472301
0.0731135983219076	0.021981168036813402	-0.04601610023472301
0.0731135983219076	0.01591435869297322	-0.04601610023472301
0.0731135983219076	0.007968079509290923	-0.04601610023472301
0.0731135983219076	0.0026747448302960634	-0.04601610023472301
0.0731135983219076	0.013384943178166598	-0.0462841432896853
0.0731135983219076	-4.0166848796967627E-4	-0.0462841432896853
0.0731135983219076	0.014567699379280421	-0.0462841432896853
0.0731135983219076	0.0036151287828918707	-0.0462841432896853
0.0731135983219076	0.0030322966639149485	-0.0462841432896853
0.0731135983219076	0.0095528435460118	-0.0462841432896853
0.0731135983219076	0.00819437262541702	-0.0462841432896853
0.0731135983219076	0.010539478244356222	-0.0462841432896853
0.0731135983219076	0.006814825424477947	-0.0462841432896853
0.0731135983219076	0.0057841168292784954	-0.0462841432896853
0.0731135983219076	0.008863465566644121	-0.0462841432896853
0.0731135983219076	0.0015306088910607165	-0.0462841432896853
0.0731135983219076	0.021219683278568765	-0.0462841432896853
0.0731135983219076	0.0026770950933332504	-0.0462841432896853
0.0731135983219076	0.0064233631576758364	-0.0462841432896853
0.0731135983219076	-7.350515854240107E-4	-0.0462841432896853
0.07509515652019115	0.010486777314342619	-0.0462841432896853
0.07509515652019115	0.016558432111520884	-0.0462841432896853
0.07509515652019115	0.01732019334299666	-0.0462841432896853
0.07509515652019115	0.010074123201100068	-0.0462841432896853
0.07509515652019115	0.01610232271904428	-0.0462841432896853
0.07509515652019115	0.011935596057690965	-0.0462841432896853
0.07509515652019115	0.009784655238317992	-0.0462841432896853
0.07509515652019115	0.013765723094423404	-0.0462841432896853
0.07509515652019115	0.00801278618042668	-0.0462841432896853
0.07509515652019115	2.856765241137791E-4	-0.0462841432896853
0.07509515652019115	-0.004080978979145088	-0.0462841432896853
0.07509515652019115	0.017341638041488687	-0.0462841432896853
0.07509515652019115	0.004704631105244331	-0.0462841432896853
0.07509515652019115	0.021813772210236827	-0.0462841432896853
0.07509515652019115	0.006253297320979731	-0.0462841432896853
0.07509515652019115	0.01786233061111146	-0.0462841432896853
0.07509515652019115	0.004281572238002027	-0.0462841432896853
0.07509515652019115	0.013737105158217678	-0.0462841432896853
0.07509515652019115	0.011985734860640477	-0.0462841432896853
0.07509515652019115	0.008433077144782624	-0.0462841432896853
0.07509515652019115	0.005361714360367508	-0.047465505057702057
0.07509515652019115	-0.0019029989871426109	-0.047465505057702057
0.07509515652019115	0.010176436226399643	-0.047465505057702057
0.07509515652019115	0.0023354803050892625	-0.047465505057702057
0.07509515652019115	0.019654792837976314	-0.047465505057702057
0.07509515652019115	0.011086093340423129	-0.047465505057702057
0.07509515652019115	0.00938087220201072	-0.047465505057702057
0.07509515652019115	0.016139394544908314	-0.047465505057702057
0.07509515652019115	0.016099422105126174	-0.047465505057702057
0.07509515652019115	0.012484527368848758	-0.047465505057702057
0.07509515652019115	0.009506248837772674	-0.047465505057702057
0.07509515652019115	8.143841356167511E-4	-0.047465505057702057
0.07509515652019115	0.015063943549044053	-0.047465505057702057
0.07509515652019115	0.006855222367860051	-0.047465505057702057
0.07509515652019115	0.0027528939553294767	-0.047465505057702057
0.07509515652019115	0.0050661018198317415	-0.047465505057702057
0.07509515652019115	0.009208692806608878	-0.047465505057702057
0.07509515652019115	0.007006430582928232	-0.047465505057702057
0.07509515652019115	2.3597889751599284E-4	-0.047465505057702057
0.07509515652019115	0.017290284700831927	-0.047465505057702057
0.07509515652019115	0.01311160393480756	-0.047465505057702057
0.07509515652019115	0.011504897879236517	-0.047465505057702057
0.07509515652019115	0.014640473296727925	-0.047465505057702057
0.07509515652019115	0.013164499505914562	-0.047465505057702057
0.07509515652019115	0.013164775793262973	-0.047465505057702057
0.07509515652019115	0.00928208715936486	-0.047465505057702057
0.07509515652019115	0.010972189458037022	-0.047465505057702057
0.07509515652019115	0.004140569131400408	-0.047465505057702057
0.07509515652019115	0.012834762971406488	-0.047465505057702057
0.07509515652019115	0.012451023553465727	-0.047465505057702057
0.07509515652019115	0.015037882278620537	-0.047465505057702057
0.07509515652019115	0.02119066976657926	-0.047465505057702057
0.07509515652019115	0.012162326800066839	-0.047465505057702057
0.07509515652019115	0.011285717846018234	-0.047465505057702057
0.07509515652019115	0.012660635565660678	-0.047465505057702057
0.07509515652019115	0.012756538405562314	-0.047465505057702057
0.07509515652019115	0.007718216396558177	-0.047465505057702057
0.07509515652019115	0.006917583104212681	-0.047465505057702057
0.07509515652019115	0.01239711985872816	-0.047465505057702057
0.07509515652019115	0.010588743987856619	-0.047465505057702057
0.07509515652019115	0.012495217752698195	-0.047465505057702057
0.07509515652019115	0.0022807974315117076	-0.047465505057702057
0.07509515652019115	-0.0024478099375446647	-0.047465505057702057
0.07509515652019115	0.005441536246142643	-0.047465505057702057
0.07509515652019115	-4.625987286370738E-4	-0.047465505057702057
0.07509515652019115	0.012281556291208787	-0.047465505057702057
0.07509515652019115	0.012066645143469364	-0.047465505057702057
0.07509515652019115	0.008285939791275723	-0.047465505057702057
0.07509515652019115	-0.002236820711198754	-0.047465505057702057
0.07509515652019115	0.015193118111787146	-0.047465505057702057
0.07509515652019115	0.011931934659285267	-0.047465505057702057
0.07509515652019115	0.009885086071508918	-0.047465505057702057
0.07509515652019115	0.005647802362779501	-0.047465505057702057
0.07509515652019115	0.01123274628192818	-0.047465505057702057
0.04714674683724035	0.018661217763037273	-0.0063194096337367105
0.08212114638568549	0.0031311068261529545	-0.02928376321440287
0.08212114638568549	0.021103900860226347	-0.02928376321440287
0.08212114638568549	0.007716302050600847	-0.02928376321440287
0.08212114638568549	0.011623444356105845	-0.029956107836626222
0.08212114638568549	0.012265525758959384	-0.029956107836626222
0.08212114638568549	0.01807764696692764	-0.029956107836626222
0.08212114638568549	0.018792060665785204	-0.029956107836626222
0.08212114638568549	0.0035928803640128	-0.031092080335545978
0.08212114638568549	0.01897980498367801	-0.031092080335545978
0.08212114638568549	0.021306986386107778	-0.031092080335545978
0.08212114638568549	0.017790974523779084	-0.031092080335545978
0.08212114638568549	0.017093545515756425	-0.031092080335545978
0.08212114638568549	0.01703155082522719	-0.031092080335545978
0.08212114638568549	0.011887062493193415	-0.031092080335545978
0.08212114638568549	0.020725724074213824	-0.031092080335545978
0.08212114638568549	0.019552117901230747	-0.031092080335545978
0.08212114638568549	0.017938415042745362	-0.031092080335545978
0.08212114638568549	0.02080785636890087	-0.031092080335545978
0.08212114638568549	0.0188166670869986	-0.031092080335545978
0.08212114638568549	0.014273610605093903	-0.031092080335545978
0.08212114638568549	0.014464792217942044	-0.031092080335545978
0.08212114638568549	0.017676910023496226	-0.031092080335545978
0.08212114638568549	0.02797339988669385	-0.031092080335545978
0.08212114638568549	0.021325635526057495	-0.031092080335545978
0.08212114638568549	0.0102391545135638	-0.031092080335545978
0.08212114638568549	0.021985399131593	-0.031092080335545978
0.08212114638568549	0.017856179970462013	-0.031092080335545978
0.08212114638568549	0.00436338932583963	-0.031092080335545978
0.08212114638568549	0.027798997282608005	-0.031092080335545978
0.08212114638568549	0.019494756139585272	-0.031092080335545978
0.08212114638568549	0.013259361165541633	-0.031092080335545978
0.08212114638568549	0.016631514611671616	-0.031092080335545978
0.08212114638568549	0.01677497568795337	-0.031092080335545978
0.08212114638568549	0.006960580744381992	-0.031092080335545978
0.08212114638568549	0.012402020213545814	-0.031092080335545978
0.08212114638568549	0.018983747713541242	-0.031092080335545978
0.08212114638568549	0.012787429143650535	-0.031092080335545978
0.08212114638568549	0.0082159341801824	-0.031092080335545978
0.08212114638568549	0.019238018019370466	-0.031092080335545978
0.08212114638568549	0.013012414051156662	-0.031092080335545978
0.08212114638568549	5.886581457929588E-4	-0.031092080335545978
0.08212114638568549	0.018841208345458924	-0.031092080335545978
0.08212114638568549	0.017557865515927147	-0.031092080335545978
0.08212114638568549	0.026852487319608376	-0.031092080335545978
0.08212114638568549	0.007934465255297455	-0.031092080335545978
0.08212114638568549	0.025771209751402957	-0.031092080335545978
0.08212114638568549	0.021449532970695125	-0.031092080335545978
0.08212114638568549	0.010823565901563652	-0.031092080335545978
0.08212114638568549	0.01789116805519952	-0.031092080335545978
0.08212114638568549	0.02049463064691207	-0.031092080335545978
0.08212114638568549	0.011225870403635707	-0.031092080335545978
0.08212114638568549	0.013100566562599536	-0.031092080335545978
0.08212114638568549	0.014525963314027585	-0.031092080335545978
0.08212114638568549	0.016880129048365083	-0.031092080335545978
0.08212114638568549	0.017682697242828997	-0.031092080335545978
0.08212114638568549	0.024156431651771514	-0.031092080335545978
0.08212114638568549	0.015144521813815027	-0.031092080335545978
0.08212114638568549	0.023168562907649765	-0.031092080335545978
0.08212114638568549	0.015596707650389752	-0.031092080335545978
0.08212114638568549	0.012618424571566528	-0.031092080335545978
0.08212114638568549	0.019038993789099116	-0.031092080335545978
0.08212114638568549	0.01966964526274148	-0.031092080335545978
0.0824510482287963	0.012699188374702486	-0.031092080335545978
0.0824510482287963	0.009512731235872427	-0.031092080335545978
0.0824510482287963	0.029742864691465514	-0.031092080335545978
0.0824510482287963	0.020151967374372703	-0.031092080335545978
0.0824510482287963	0.010385825517521222	-0.031092080335545978
0.0824510482287963	0.011117625089582726	-0.031092080335545978
0.0824510482287963	0.015019430734565279	-0.031092080335545978
0.0824510482287963	0.019596253502611665	-0.031092080335545978
0.0824510482287963	0.029196873489783153	-0.031092080335545978
0.0824510482287963	0.01237902194020863	-0.031092080335545978
0.0824510482287963	0.015465680031911417	-0.031092080335545978
0.0824510482287963	0.020117597567658983	-0.031092080335545978
0.0824510482287963	0.012041217850851656	-0.031092080335545978
0.0824510482287963	0.02085314462802338	-0.031092080335545978
0.0824510482287963	0.02501610930716086	-0.031092080335545978
0.0824510482287963	0.024019930395537376	-0.031092080335545978
0.0824510482287963	0.023429263635299808	-0.031092080335545978
0.0824510482287963	0.028346477833553235	-0.031092080335545978
0.0824510482287963	0.02016618492441562	-0.031092080335545978
0.0824510482287963	0.030714032679721483	-0.031092080335545978
0.0824510482287963	0.016374887758375294	-0.031092080335545978
0.0824510482287963	0.008429200709864863	-0.031092080335545978
0.0824510482287963	0.019533946969415933	-0.031092080335545978
0.0824510482287963	0.01967461008925655	-0.031092080335545978
0.0824510482287963	0.02113704189327026	-0.031092080335545978
0.0824510482287963	0.020676280373454963	-0.031092080335545978
0.0824510482287963	0.014893527649821953	-0.031092080335545978
0.0824510482287963	0.015539866977186076	-0.031092080335545978
0.0824510482287963	0.010705737337334625	-0.031092080335545978
0.0824510482287963	0.021330407634556174	-0.031092080335545978
0.0824510482287963	0.022262812190374803	-0.031092080335545978
0.0824510482287963	0.00945924001495269	-0.031092080335545978
0.0824510482287963	0.02996283543811528	-0.031092080335545978
0.0824510482287963	0.030677811909339454	-0.031092080335545978
0.0824510482287963	0.025375962734879305	-0.031092080335545978
0.0824510482287963	0.013489549384493527	-0.031092080335545978
0.0824510482287963	0.018259742378796427	-0.031092080335545978
0.0824510482287963	0.02533199780485118	-0.031092080335545978
0.037248142327354176	0.007172390221314354	-0.01796465895217933
0.07738137496447907	0.017751489805992435	-0.030104914461277037
0.07993903539322228	0.01979373155218877	-0.030104914461277037
0.07993903539322228	0.023677942725226858	-0.030104914461277037
0.07993903539322228	0.015872254690474236	-0.030104914461277037
0.07993903539322228	0.017128391598438382	-0.030104914461277037
0.07993903539322228	0.02019466523818747	-0.030104914461277037
0.07993903539322228	0.01399996147478257	-0.030104914461277037
0.07993903539322228	0.016093864543259933	-0.030104914461277037
0.07993903539322228	0.02849447963125239	-0.030104914461277037
0.07993903539322228	0.014900216482270152	-0.030104914461277037
0.07993903539322228	0.01949023660088304	-0.030104914461277037
0.07993903539322228	0.024376857824125263	-0.030104914461277037
0.07993903539322228	0.011170887598645578	-0.030104914461277037
0.07993903539322228	0.015931124503747996	-0.030104914461277037
0.07993903539322228	0.014593383017912584	-0.030104914461277037
0.07993903539322228	0.019714000771685763	-0.030104914461277037
0.07993903539322228	0.013630266045844469	-0.030104914461277037
0.07993903539322228	0.019407837722506795	-0.030104914461277037
0.07993903539322228	0.02018793283659053	-0.030104914461277037
0.08001780610570602	0.018244802596604038	-0.03034630211726463
0.08070303916943741	0.008180520757805579	-0.03034630211726463
0.08070303916943741	0.013332508229892931	-0.03034630211726463
0.08070303916943741	0.0165994814333698	-0.03034630211726463
0.08070303916943741	0.01721544878123943	-0.03034630211726463
0.08070303916943741	0.01698741607230136	-0.03034630211726463
0.08070303916943741	0.01993155062112994	-0.03034630211726463
0.08137572574134164	0.013911950688587204	-0.03034630211726463
0.08137572574134164	0.019036406830723017	-0.03034630211726463
0.08137572574134164	0.017636906495080217	-0.03034630211726463
0.08137572574134164	0.02648753744977051	-0.03034630211726463
0.08137572574134164	0.02219477221869707	-0.03034630211726463
0.08137572574134164	0.017452177661858435	-0.03034630211726463
0.08137572574134164	0.02074774761989327	-0.03034630211726463
0.08137572574134164	0.017762924310049798	-0.03034630211726463
0.08137572574134164	0.016203502781018383	-0.03034630211726463
0.08137572574134164	0.024656869529185887	-0.03034630211726463
0.08137572574134164	0.022961694574108387	-0.03034630211726463
0.08137572574134164	0.008857767563513625	-0.03034630211726463
0.08137572574134164	0.011368198903592076	-0.03034630211726463
0.08137572574134164	0.005140744523823448	-0.03034630211726463
0.08137572574134164	0.022078488889905885	-0.03034630211726463
0.08137572574134164	0.012717762561221802	-0.03034630211726463
0.08137572574134164	0.02130421730727513	-0.03034630211726463
0.08137572574134164	0.008643600787533762	-0.03034630211726463
0.08137572574134164	0.028314695775798294	-0.03034630211726463
0.08137572574134164	0.019119854523681135	-0.03034630211726463
0.08137572574134164	0.01869576966704063	-0.03034630211726463
0.08137572574134164	0.019883060764891432	-0.03034630211726463
0.08137572574134164	0.01873043947719749	-0.03034630211726463
0.08137572574134164	0.009331483286933812	-0.03034630211726463
0.08137572574134164	0.02645376920302463	-0.03034630211726463
0.08137572574134164	0.009798811909479274	-0.03034630211726463
0.08137572574134164	0.005696289057824859	-0.03034630211726463
0.08137572574134164	0.016327922161899884	-0.03077920095553595
0.08137572574134164	0.019340163483430296	-0.03077920095553595
0.08137572574134164	0.010964758613471424	-0.03077920095553595
0.08137572574134164	0.016600768770416854	-0.03077920095553595
0.08137572574134164	0.019185898118895477	-0.03077920095553595
0.08137572574134164	0.017514388231302157	-0.03077920095553595
0.08137572574134164	0.024052974953470377	-0.03077920095553595
0.08137572574134164	0.011896996134418034	-0.03077920095553595
0.08137572574134164	0.01307187106142586	-0.03077920095553595
0.08137572574134164	0.010255670868211674	-0.03077920095553595
0.08137572574134164	0.017364634483131032	-0.03077920095553595
0.08137572574134164	0.02242655307819001	-0.03077920095553595
0.08137572574134164	0.018160329032692088	-0.03077920095553595
0.08137572574134164	0.012336017022772833	-0.03077920095553595
0.08137572574134164	0.019477223429187673	-0.03077920095553595
0.08137572574134164	0.018412097437755202	-0.03077920095553595
0.08137572574134164	0.007545184670266718	-0.03077920095553595
0.08137572574134164	0.016671027418902314	-0.03077920095553595
0.08137572574134164	0.0184014254464356	-0.03077920095553595
0.08137572574134164	0.01581372717901502	-0.03077920095553595
0.08137572574134164	0.008308480508241798	-0.03077920095553595
0.08137572574134164	0.01697014995815151	-0.03077920095553595
0.08137572574134164	0.010730013053533322	-0.03077920095553595
0.08137572574134164	0.01074309889905358	-0.03077920095553595
0.08167668885102505	0.018372048612836128	-0.03077920095553595
0.08167668885102505	0.011685560082663495	-0.03077920095553595
0.08167668885102505	0.013514614738109155	-0.03077920095553595
0.08167668885102505	0.025464371766048655	-0.03077920095553595
0.08167668885102505	0.024069321892571403	-0.03077920095553595
0.08190706748670704	0.022885130043433472	-0.03077920095553595
0.08190706748670704	0.017040643330661038	-0.03077920095553595
0.08190706748670704	0.020286253028464006	-0.03077920095553595
0.08190706748670704	0.018267334483716948	-0.03079627061530061
0.08190706748670704	0.006715846298807568	-0.03079627061530061
0.08190706748670704	0.022020108332394782	-0.03079627061530061
0.08190706748670704	0.01600405283037872	-0.03079627061530061
0.08190706748670704	0.020177164820857515	-0.03079627061530061
0.08190706748670704	0.022330713746028005	-0.03079627061530061
0.08190706748670704	0.01980737589798319	-0.03079627061530061
0.08190706748670704	0.02193577970969186	-0.03079627061530061
0.08190706748670704	0.019598000795897585	-0.03079627061530061
0.08190706748670704	0.010187844637759185	-0.03079627061530061
0.08190706748670704	0.015722528258928743	-0.03079627061530061
0.08223269365475405	0.009755724620344578	-0.03079627061530061
0.08223269365475405	0.02588711013756647	-0.03079627061530061
0.08223269365475405	0.01152089807336438	-0.03079627061530061
0.08223269365475405	0.021038834985114243	-0.03079627061530061
0.042505522355507266	0.01603992856564826	-0.013007380964536876
0.07735052060055947	0.011895912134880714	-0.030488271310134023
0.0779661727121963	0.021211146197172435	-0.030488271310134023
0.0779661727121963	0.015400331932549336	-0.030488271310134023
0.0779661727121963	0.020767085846793983	-0.03053200189951205
0.08020628890461018	0.016063216035814898	-0.03053200189951205
0.08020628890461018	0.0186067148201169	-0.03053200189951205
0.08020628890461018	0.026095504494878092	-0.03053200189951205
0.08084640294458784	0.020773224696688054	-0.03053200189951205
0.08084640294458784	0.00874064648914601	-0.03053200189951205
0.08084640294458784	0.021637965350994652	-0.03053200189951205
0.08084640294458784	0.02273579191628597	-0.03053200189951205
0.08084640294458784	0.00831918788074545	-0.03053200189951205
0.08084640294458784	0.02716006213845431	-0.03053200189951205
0.08084640294458784	0.02087403834827792	-0.03053200189951205
0.08084640294458784	0.012332763670938576	-0.03053200189951205
0.08084640294458784	0.029520023309908817	-0.03053200189951205
0.08084640294458784	0.01357717420902379	-0.03053200189951205
0.08084640294458784	0.013406265029385309	-0.03053200189951205
0.08084640294458784	0.01819123463895583	-0.03053200189951205
0.08084640294458784	0.019757144348634233	-0.03053200189951205
0.08084640294458784	0.009914289709101708	-0.03053200189951205
0.08274615901037566	0.013927204959385833	-0.03053200189951205
0.08274615901037566	0.02132258942768585	-0.03053200189951205
0.08274615901037566	0.014170845357661147	-0.03053200189951205
0.08274615901037566	0.010565768690080775	-0.03053200189951205
0.08274615901037566	0.022361723000531054	-0.03053200189951205
0.08274615901037566	0.025140817898395396	-0.03053200189951205
0.08274615901037566	0.014474988338610176	-0.03053200189951205
0.08274615901037566	0.016528602799991875	-0.03053200189951205
0.08274615901037566	0.011862454751637885	-0.03053200189951205
0.08274615901037566	0.01841597861019143	-0.03053200189951205
0.08274615901037566	0.007263641871293797	-0.03053200189951205
0.08274615901037566	0.025812090376847258	-0.03053200189951205
0.08274615901037566	0.016103586122194015	-0.03053200189951205
0.08274615901037566	0.011567985122349916	-0.03053200189951205
0.08274615901037566	0.02221857288401641	-0.03053200189951205
0.08274615901037566	0.013943729249411138	-0.03053200189951205
0.08274615901037566	0.02672269173012457	-0.03053200189951205
0.08274615901037566	0.02337449216066175	-0.03053200189951205
0.08274615901037566	0.028127238793603217	-0.03053200189951205
0.08274615901037566	6.710140670345803E-4	-0.03053200189951205
0.08274615901037566	0.02172280192576531	-0.03053200189951205
0.08274615901037566	0.017153721172652694	-0.03053200189951205
0.08274615901037566	0.017426032897724854	-0.03053200189951205
0.08274615901037566	0.02016182877581075	-0.03053200189951205
0.08274615901037566	0.016033972074613663	-0.03053200189951205
0.08274615901037566	0.010061675646526465	-0.03053200189951205
0.08274615901037566	0.015116874706732567	-0.03053200189951205
0.08274615901037566	0.021176969261340592	-0.03053200189951205
0.08274615901037566	0.017103810141262322	-0.03053200189951205
0.08274615901037566	0.015249862649859652	-0.03053200189951205
0.08274615901037566	0.014645799574184912	-0.03053200189951205
0.08274615901037566	0.013940769662153647	-0.03053200189951205
0.08274615901037566	0.0067922892030950035	-0.03053200189951205
0.08274615901037566	0.023246572284740186	-0.03053200189951205
0.08274615901037566	0.016145396858908704	-0.03053200189951205
0.08274615901037566	0.02405811448373285	-0.03053200189951205
0.08274615901037566	0.012197893210476792	-0.03053200189951205
0.08274615901037566	0.009008316431177504	-0.03053200189951205
0.08274615901037566	0.01821415727153724	-0.030691440234738968
0.08274615901037566	0.013478681984461727	-0.030691440234738968
0.08274615901037566	0.013370094507092933	-0.030691440234738968
0.08274615901037566	0.01772463073438335	-0.030691440234738968
0.08274615901037566	0.014565983898920516	-0.030691440234738968
0.08274615901037566	0.00998811303367504	-0.030691440234738968
0.08274615901037566	0.02113908629184111	-0.030691440234738968
0.08274615901037566	0.018765379629432536	-0.030691440234738968
0.08274615901037566	0.025888113020406188	-0.030691440234738968
0.08274615901037566	0.007523333228618759	-0.030691440234738968
0.08274615901037566	0.017883558940609494	-0.030691440234738968
0.08274615901037566	0.016821198318714013	-0.03098442215338304
0.08274615901037566	0.01431824361294358	-0.03098442215338304
0.08274615901037566	0.027126462037403248	-0.03098442215338304
0.08274615901037566	0.026452777636517932	-0.03098442215338304
0.08274615901037566	0.010301052226707434	-0.03098442215338304
0.08274615901037566	0.014445538301581459	-0.03098442215338304
0.08274615901037566	0.018793255235507053	-0.03098442215338304
0.08274615901037566	0.013664206721332164	-0.03098442215338304
0.08287314927793216	0.016162248798090934	-0.03098442215338304
0.08287314927793216	0.012960993075410506	-0.03098442215338304
0.08287314927793216	0.016201400308301334	-0.03098442215338304
0.08287314927793216	0.019228764092970217	-0.03098442215338304
0.08287314927793216	0.022308227566664656	-0.03098442215338304
0.08287314927793216	0.009127353432571515	-0.03098442215338304
0.08287314927793216	0.014143097394959656	-0.03098442215338304
0.08287314927793216	0.011623217641744643	-0.03098442215338304
0.08287314927793216	0.01892121526328167	-0.03098442215338304
0.08287314927793216	0.0034741390155895308	-0.03098442215338304
0.08287314927793216	0.018466897368492056	-0.03098442215338304
0.08287314927793216	0.02146196553209382	-0.03098442215338304
0.08287314927793216	0.015318430458629	-0.03098442215338304
0.08287314927793216	0.020418980996529217	-0.03098442215338304
0.08287314927793216	0.017260553804370138	-0.03098442215338304
0.08287314927793216	0.019872001580630988	-0.03098442215338304
0.08287314927793216	0.016861042319563566	-0.03098442215338304
0.08287314927793216	0.016476977030040488	-0.03098442215338304
0.08287314927793216	0.027218205853071015	-0.03098442215338304
0.08287314927793216	0.012199686417663428	-0.03098442215338304
0.08287314927793216	0.01997771358601522	-0.03098442215338304
0.08287314927793216	0.022528993874674767	-0.03098442215338304
0.05149603044319632	0.013176498362853404	-0.015306945826258682
0.0757509263122216	0.014886689885129912	-0.029382417103378772
0.07848842364099835	0.016926658931831113	-0.03001318089231547
0.07848842364099835	0.02631954545732084	-0.03001318089231547
0.07848842364099835	0.015601713919361845	-0.03001318089231547
0.07848842364099835	0.02340519836051763	-0.03001318089231547
0.07934772153420308	0.014520530366174516	-0.030335820102313487
0.07934772153420308	0.015452535888353987	-0.030335820102313487
0.07934772153420308	0.010984478082002345	-0.030369820012889886
0.0797837430993655	0.023865760076002596	-0.030369820012889886
0.0797837430993655	0.00914246947101279	-0.030369820012889886
0.0797837430993655	0.026176738059965593	-0.030369820012889886
0.08180942821661583	0.017286063972244213	-0.030369820012889886
0.08180942821661583	0.024785152223016846	-0.030369820012889886
0.08180942821661583	0.007684877954035924	-0.03088960421879799
0.08180942821661583	0.019245819505794782	-0.03088960421879799
0.08180942821661583	0.010415450994343108	-0.03088960421879799
0.08180942821661583	0.020338236542683456	-0.03088960421879799
0.08180942821661583	0.012254727938894766	-0.03088960421879799
0.08180942821661583	0.017423819756703922	-0.03088960421879799
0.08180942821661583	0.017515678056446028	-0.03088960421879799
0.08180942821661583	0.017807958130670053	-0.03088960421879799
0.08180942821661583	0.020707130567112906	-0.03088960421879799
0.08180942821661583	0.01821313582121315	-0.03088960421879799
0.08180942821661583	0.01534048579635798	-0.03088960421879799
0.08180942821661583	0.02687835491956258	-0.03088960421879799
0.08180942821661583	0.022285912886830996	-0.03088960421879799
0.08180942821661583	0.013563847272933121	-0.03088960421879799
0.08180942821661583	0.015721465830455743	-0.03088960421879799
0.08180942821661583	0.01297890343893443	-0.03088960421879799
0.08180942821661583	0.014300651943728097	-0.03088960421879799
0.08180942821661583	0.014907536970802594	-0.03088960421879799
0.08180942821661583	0.024138709313062258	-0.03088960421879799
0.08180942821661583	0.01653863481505997	-0.03088960421879799
0.08180942821661583	0.013721878212712476	-0.03088960421879799
0.08180942821661583	0.02269219752508769	-0.03088960421879799
0.08180942821661583	0.008347179192999989	-0.03088960421879799
0.08180942821661583	0.01278750260458108	-0.03088960421879799
0.08180942821661583	0.014152011343866757	-0.03088960421879799
0.08180942821661583	0.023953002746097497	-0.03088960421879799
0.08180942821661583	0.02147991677915078	-0.03088960421879799
0.08180942821661583	0.011166215218197035	-0.03088960421879799
0.08180942821661583	0.021964198270597028	-0.03088960421879799
0.08180942821661583	0.011206837509770733	-0.03088960421879799
0.08180942821661583	0.021737429160379816	-0.03088960421879799
0.08180942821661583	0.02786304714681314	-0.03088960421879799
0.08180942821661583	0.017486916352562755	-0.03088960421879799
0.08180942821661583	0.006363448474794094	-0.03088960421879799
0.08180942821661583	0.020372910013818243	-0.03088960421879799
0.08180942821661583	0.011684426982145876	-0.03088960421879799
0.08180942821661583	0.030001065370644075	-0.03088960421879799
0.08180942821661583	0.01681340287157122	-0.03088960421879799
0.08180942821661583	0.012648017929749256	-0.03088960421879799
0.08180942821661583	0.015744497235826223	-0.03088960421879799
0.08180942821661583	0.014578906386280751	-0.03088960421879799
0.08180942821661583	0.011077580353554915	-0.03088960421879799
0.08180942821661583	0.01364607584356418	-0.03088960421879799
0.08180942821661583	0.016216922374166224	-0.03088960421879799
0.08180942821661583	0.01633085873077425	-0.03088960421879799
0.08180942821661583	0.02360301412535405	-0.03088960421879799
0.08180942821661583	0.0045715001955441955	-0.03088960421879799
0.08180942821661583	0.007985861369081861	-0.03088960421879799
0.08180942821661583	0.014854375591809221	-0.03088960421879799
0.08180942821661583	0.009174252600496872	-0.03088960421879799
0.08180942821661583	0.015503986979909156	-0.03088960421879799
0.08180942821661583	0.03178584092204046	-0.03088960421879799
0.08180942821661583	0.02613033279268983	-0.03088960421879799
0.08180942821661583	0.013541272531939994	-0.03088960421879799
0.08180942821661583	0.01760585446706017	-0.03088960421879799
0.08180942821661583	0.018212380475505933	-0.03088960421879799
0.08180942821661583	0.018814010263075498	-0.03088960421879799
0.08180942821661583	0.013655583591440385	-0.03088960421879799
0.08180942821661583	0.015585697345351299	-0.03088960421879799
0.08180942821661583	0.02512243715729389	-0.03088960421879799
0.08180942821661583	0.01860720104708661	-0.03088960421879799
0.08180942821661583	0.017127060813741664	-0.03088960421879799
0.08180942821661583	0.014437897970918021	-0.03088960421879799
0.08180942821661583	0.011894309320804406	-0.03088960421879799
0.08180942821661583	0.017336048924672446	-0.03088960421879799
0.08180942821661583	0.017572680922045367	-0.03088960421879799
0.08180942821661583	0.005229557720521731	-0.03088960421879799
0.08180942821661583	0.019785685687429062	-0.03088960421879799
0.08180942821661583	0.010643050389048793	-0.03088960421879799
0.08180942821661583	0.023799345074065094	-0.03088960421879799
0.08180942821661583	0.01758513537081461	-0.03088960421879799
0.08180942821661583	0.01104300304507181	-0.03088960421879799
0.08180942821661583	0.023256619854458982	-0.03088960421879799
0.08180942821661583	0.011069417893194083	-0.03088960421879799
0.08180942821661583	0.01250755479653395	-0.03088960421879799
0.08180942821661583	0.02602827694463865	-0.03088960421879799
0.08180942821661583	0.014554883349782471	-0.03088960421879799
0.08180942821661583	0.012240720969115848	-0.03088960421879799
0.08180942821661583	0.01656208841738152	-0.03088960421879799
0.08180942821661583	0.016451214447957156	-0.03088960421879799
0.08180942821661583	0.02143036855260117	-0.03088960421879799
0.08180942821661583	0.01661095630995883	-0.03088960421879799
0.08180942821661583	0.02037132853814663	-0.03088960421879799
0.08180942821661583	0.01053987240381785	-0.03088960421879799
0.08180942821661583	0.0135408517353792	-0.03088960421879799
0.08180942821661583	0.024937817539240577	-0.03088960421879799
0.08180942821661583	0.025074840637857372	-0.03088960421879799
0.03358872267914762	0.007453719778664651	-0.03716452370978249
0.06710744420412165	0.009932098612967668	-0.04438392217827847
0.06743576930354336	0.01276451039336785	-0.04438392217827847
0.06975358222562345	0.00975345255792429	-0.04438392217827847
0.06975358222562345	0.01211592657955344	-0.04438392217827847
0.07225396907881086	0.017037334767630644	-0.04438392217827847
0.07243283349370425	0.014386955870304027	-0.04438392217827847
0.07243283349370425	6.388572744631868E-4	-0.04438392217827847
0.07243283349370425	0.012944702182877355	-0.04438392217827847
0.07243283349370425	0.008021626032121384	-0.04438392217827847
0.0730377392118659	0.008780584390146428	-0.04438392217827847
0.0730377392118659	0.0016858401556411127	-0.04438392217827847
0.0730377392118659	0.007473367230085312	-0.04438392217827847
0.0730377392118659	0.01675495384471771	-0.04438392217827847
0.0730377392118659	-0.0032014557680629433	-0.04438392217827847
0.0730377392118659	0.011309674406124393	-0.04468163738547992
0.0730377392118659	0.011674434934024777	-0.04476214549251651
0.0730377392118659	0.016405598211579893	-0.04476214549251651
0.0730377392118659	0.007285694018274532	-0.04476214549251651
0.0730377392118659	0.01483259838201417	-0.04476214549251651
0.07359541277612361	0.004717342107499688	-0.04476214549251651
0.07359541277612361	0.009335032717905358	-0.04476214549251651
0.07359541277612361	0.010063567545423438	-0.04476214549251651
0.07359541277612361	0.011001578000484815	-0.04550215196672598
0.07359541277612361	0.011216071213607168	-0.04550215196672598
0.07403446647912044	0.005332615653041774	-0.04550215196672598
0.07403446647912044	0.013930565746872223	-0.04550215196672598
0.07403446647912044	0.011129045896817878	-0.04550215196672598
0.07403446647912044	0.011994184168432244	-0.04550215196672598
0.07403446647912044	0.007226107773517977	-0.04550215196672598
0.07403446647912044	0.024698944647145758	-0.04550215196672598
0.07403446647912044	0.008326234817719125	-0.04550215196672598
0.07403446647912044	0.01046293896149443	-0.04550215196672598
0.07403446647912044	-6.397509023212834E-5	-0.04550215196672598
0.07403446647912044	0.015052732870401892	-0.046131495009896356
0.07403446647912044	0.013297471439864903	-0.046131495009896356
0.07403446647912044	0.004066914730325437	-0.046131495009896356
0.07403446647912044	0.013796446009279272	-0.046131495009896356
0.07403446647912044	0.010949377188008029	-0.046131495009896356
0.07403446647912044	0.004826536277213215	-0.046131495009896356
0.07403446647912044	0.017134167774773886	-0.046131495009896356
0.07403446647912044	0.01207009930752601	-0.0465321180859526
0.07403446647912044	0.010349558514394997	-0.0465321180859526
0.07403446647912044	0.0073015269783481326	-0.0465321180859526
0.07403446647912044	0.01357335345388919	-0.0465321180859526
0.07428649374624743	0.007960983330531484	-0.0465321180859526
0.07428649374624743	0.00648595161574778	-0.0465321180859526
0.07428649374624743	0.014328720530877645	-0.0465321180859526
0.07428649374624743	0.008103586063014208	-0.0465321180859526
0.07428649374624743	0.0062360068903473025	-0.0465321180859526
0.07428649374624743	0.0036694442274665126	-0.04681268810563121
0.07428649374624743	0.011427262689204479	-0.04681268810563121
0.07428649374624743	0.008592299593005512	-0.04681268810563121
0.07428649374624743	0.0056545675620679175	-0.04681268810563121
0.07428649374624743	0.002505865226814212	-0.04681268810563121
0.07428649374624743	-0.007651166340722507	-0.04681268810563121
0.07428649374624743	0.008030482249008954	-0.04681268810563121
0.07428649374624743	0.012216916010340622	-0.04681268810563121
0.07428649374624743	-0.008837374234763985	-0.04681268810563121
0.07428649374624743	0.01396143732296722	-0.04681268810563121
0.07428649374624743	0.016041508718080022	-0.047518300122325205
0.07428649374624743	0.011161578836684264	-0.047518300122325205
0.07428649374624743	0.01603888020699941	-0.047518300122325205
0.07428649374624743	0.012424033804752035	-0.047518300122325205
0.07428649374624743	0.017801295305774865	-0.047518300122325205
0.07428649374624743	0.016496043362843816	-0.047518300122325205
0.07428649374624743	0.014761173766079497	-0.047518300122325205
0.07428649374624743	0.015671208481824225	-0.047518300122325205
0.07428649374624743	0.0047349863426535774	-0.047518300122325205
0.07428649374624743	0.011237434911492475	-0.047518300122325205
0.07428649374624743	0.00942260959538734	-0.047518300122325205
0.07428649374624743	0.008386376271967828	-0.047518300122325205
0.07428649374624743	0.008391481532879103	-0.047518300122325205
0.07428649374624743	0.012464800350289448	-0.047518300122325205
0.07428649374624743	0.017452635284758412	-0.047518300122325205
0.07428649374624743	0.008452910025976177	-0.047518300122325205
0.07428649374624743	0.001025633159913663	-0.047518300122325205
0.07428649374624743	0.016275296527817423	-0.047518300122325205
0.07428649374624743	0.01872379701210309	-0.047518300122325205
0.07428649374624743	0.0017853167092634404	-0.047518300122325205
0.07428649374624743	0.017822058846923276	-0.047518300122325205
0.07428649374624743	0.00665403631572282	-0.047518300122325205
0.07428649374624743	0.011629642767440182	-0.047518300122325205
0.07428649374624743	0.006054478374182513	-0.047518300122325205
0.07428649374624743	0.013794545938529482	-0.047518300122325205
0.07428649374624743	0.015150943234898791	-0.047518300122325205
0.07428649374624743	0.007700549427612865	-0.047518300122325205
0.07428649374624743	0.01239870125566057	-0.047518300122325205
0.07428649374624743	0.002366911347296651	-0.047518300122325205
0.07428649374624743	0.02660865156069403	-0.047518300122325205
0.07428649374624743	0.007664810736481183	-0.047518300122325205
0.07428649374624743	0.0038689433376790246	-0.047518300122325205
0.07428649374624743	0.0029306524844803054	-0.047518300122325205
0.07428649374624743	0.005009541133954147	-0.047518300122325205
0.07428649374624743	-0.0015036196435856055	-0.047518300122325205
0.07428649374624743	0.008624604141784346	-0.047518300122325205
0.07428649374624743	0.013867834089774123	-0.047518300122325205
0.07428649374624743	0.01137139144676259	-0.047518300122325205
0.07428649374624743	0.004848896258346338	-0.047518300122325205
0.07428649374624743	0.014810251542898325	-0.047518300122325205
0.07428649374624743	0.004681612282800572	-0.047518300122325205
0.028079584374346715	-0.004859646380893014	-0.03716452370978249
0.0663594152564566	-0.0024444200157938073	-0.043357531307362474
0.06818758623855274	0.013470200306683677	-0.043357531307362474
0.07156020297122717	0.00973168070702201	-0.043357531307362474
0.07156020297122717	0.01282269407146519	-0.04337725268202294
0.0721410344731121	-1.1727522405700596E-4	-0.04337725268202294
0.0721410344731121	0.018012099538648785	-0.044233673251089026
0.0721410344731121	0.004320121555742589	-0.04479030250796462
0.0721410344731121	0.010653583364773029	-0.04479030250796462
0.0721410344731121	0.01409272723005905	-0.04479030250796462
0.0721410344731121	0.01047545980794069	-0.04479030250796462
0.07302404265191892	0.016792708023784957	-0.04547225013989209
0.07302404265191892	0.012839575826366148	-0.04547225013989209
0.07302404265191892	0.013113318789123043	-0.04547225013989209
0.07302404265191892	0.002488801589866261	-0.04547225013989209
0.07302404265191892	0.011012264577327882	-0.04547225013989209
0.07302404265191892	0.015989915742278395	-0.04547225013989209
0.07302404265191892	0.0010915730235259956	-0.04547225013989209
0.07302404265191892	0.013543231222420436	-0.04547225013989209
0.07302404265191892	0.013439591731424788	-0.04547225013989209
0.07302404265191892	0.010734498698953562	-0.04547225013989209
0.07302404265191892	0.00865673794354187	-0.04547225013989209
0.07302404265191892	0.0042904647596063075	-0.04547225013989209
0.07414500512688638	0.013330415715147384	-0.04625376242906082
0.07414500512688638	0.014494215063186305	-0.04625376242906082
0.07414500512688638	0.012959757183661153	-0.04625376242906082
0.07414500512688638	0.019998928490513997	-0.04625376242906082
0.07414500512688638	0.010159463019403178	-0.04625376242906082
0.07414500512688638	-6.827535425703282E-4	-0.04625376242906082
0.07414500512688638	0.004371106725600698	-0.04625376242906082
0.07414500512688638	0.0034005698891671895	-0.04625376242906082
0.07414500512688638	0.008604238207436688	-0.04625376242906082
0.07414500512688638	0.01050236198266905	-0.04625376242906082
0.07414500512688638	0.024112813906029817	-0.04625376242906082
0.07414500512688638	0.016768139798407293	-0.04625376242906082
0.07414500512688638	0.006674413065420532	-0.04625376242906082
0.07414500512688638	0.010200279017376131	-0.04625376242906082
0.07414500512688638	0.006329389805643673	-0.04625376242906082
0.07414500512688638	0.008482111710157494	-0.04625376242906082
0.07414500512688638	0.006443330032805566	-0.04625376242906082
0.07414500512688638	0.008648868408390709	-0.04625376242906082
0.07414500512688638	0.008689571911123533	-0.04625376242906082
0.07414500512688638	0.016192254093292252	-0.04625376242906082
0.07414500512688638	0.007381171115608387	-0.04625376242906082
0.07414500512688638	0.010204537551413692	-0.04625376242906082
0.07414500512688638	0.009373515397463264	-0.04625376242906082
0.07414500512688638	0.012476136750190525	-0.04625376242906082
0.07414500512688638	0.005516914476613314	-0.04625376242906082
0.07414500512688638	0.009558770282850534	-0.04625376242906082
0.07414500512688638	0.006331043185041402	-0.04625376242906082
0.07414500512688638	0.002845723590161744	-0.04625376242906082
0.07414500512688638	0.018272069344533078	-0.04625376242906082
0.07414500512688638	2.924172544404947E-4	-0.04625376242906082
0.07414500512688638	0.010614172054844523	-0.04625376242906082
0.07414500512688638	0.008626030733559014	-0.04625376242906082
0.07414500512688638	0.011207032026364068	-0.04625376242906082
0.07414500512688638	0.006703576271979555	-0.04625376242906082
0.07414500512688638	0.007637469787867024	-0.04625376242906082
0.07414500512688638	0.012733556494903792	-0.04625376242906082
0.07414500512688638	0.0020622218938280675	-0.04625376242906082
0.07414500512688638	0.0069089533528039855	-0.04625376242906082
0.07414500512688638	0.020582516723781828	-0.04625376242906082
0.07414500512688638	0.006633609059021045	-0.04625376242906082
0.07414500512688638	0.009885987086166342	-0.04625376242906082
0.07414500512688638	0.013557485510764864	-0.04625376242906082
0.07414500512688638	0.015075705724550647	-0.04625376242906082
0.07414500512688638	0.010887839401894235	-0.04625376242906082
0.07414500512688638	0.012293438910230641	-0.04625376242906082
0.07414500512688638	0.01374990217826289	-0.04625376242906082
0.07414500512688638	0.005856135003249289	-0.04625376242906082
0.07414500512688638	0.013285891634370234	-0.04625376242906082
0.07414500512688638	0.008116157443043757	-0.04625376242906082
0.07414500512688638	0.0036553708168954257	-0.04625376242906082
0.07414500512688638	0.019118619441659657	-0.04625376242906082
0.07414500512688638	0.007700000431970446	-0.04625376242906082
0.07414500512688638	0.010688776701761816	-0.04625376242906082
0.07414500512688638	0.019576861393860934	-0.04625376242906082
0.07414500512688638	0.015104001262056091	-0.04625376242906082
0.07414500512688638	0.009781153361616723	-0.04625376242906082
0.07437723092901913	0.004116187561533353	-0.04625376242906082
0.07437723092901913	0.012001042492236233	-0.04625376242906082
0.07437723092901913	0.0064438413811521685	-0.04625376242906082
0.07437723092901913	0.013511971115861434	-0.04625376242906082
0.07437723092901913	0.01917792657824891	-0.04625376242906082
0.07484471208383248	0.012251629474368458	-0.04625376242906082
0.07484471208383248	0.01510779507635066	-0.04625376242906082
0.07484471208383248	0.01383924938236053	-0.04625376242906082
0.07484471208383248	0.003125945538949323	-0.04625376242906082
0.07484471208383248	0.006806086390077857	-0.04625376242906082
0.07484471208383248	0.0022695133499648704	-0.04625376242906082
0.07484471208383248	0.0056823056530780685	-0.04625376242906082
0.07484471208383248	0.011859928742946505	-0.04625376242906082
0.07484471208383248	0.01772313987411513	-0.04625376242906082
0.07484471208383248	0.002046003093736412	-0.04625376242906082
0.07484471208383248	0.011378900210311231	-0.04625376242906082
0.07484471208383248	0.01194843066278856	-0.04625376242906082
0.07484471208383248	-7.933235889616173E-4	-0.04625376242906082
0.07484471208383248	0.011892057808316977	-0.04625376242906082
0.07484471208383248	0.010738237810635699	-0.04625376242906082
0.07484471208383248	0.009550114852882857	-0.04625376242906082
0.07484471208383248	0.015244719118393198	-0.04625376242906082
0.028079584374346715	1.4641188569589972E-4	-0.03716452370978249
0.06911294864043116	0.008750807129491393	-0.04435658599065409
0.06911294864043116	0.004393794998533257	-0.04563737322404854
0.06955789327509973	0.010064425953938104	-0.04563737322404854
0.07128954867661493	0.004205336045140014	-0.04563737322404854
0.07128954867661493	-0.003957613775583814	-0.04563737322404854
0.07128954867661493	0.012463906073574399	-0.04563737322404854
0.07128954867661493	0.010163379147122096	-0.04563737322404854
0.07311286900008478	0.0035206419963218203	-0.04563737322404854
0.07311286900008478	0.008706885215200112	-0.04563737322404854
0.07311286900008478	0.02052380924604805	-0.04563737322404854
0.07311286900008478	0.0017221610988112424	-0.04563737322404854
0.07311286900008478	0.011668038035586964	-0.046097436271910874
0.07311286900008478	0.010842070741605729	-0.046097436271910874
0.07311286900008478	0.013690361728866857	-0.046097436271910874
0.07311286900008478	0.0058936058479987395	-0.046097436271910874
0.07311286900008478	0.002842249395291893	-0.046192505526372066
0.07311286900008478	0.011344558057118637	-0.046192505526372066
0.07311286900008478	0.0031186421925200876	-0.046192505526372066
0.07311286900008478	0.006664309779855544	-0.046192505526372066
0.07311286900008478	0.011919255410280102	-0.046192505526372066
0.07311286900008478	0.0127352910821452	-0.046192505526372066
0.07353626217824294	0.018099274722867816	-0.046192505526372066
0.07353626217824294	0.008855493271503461	-0.046192505526372066
0.07353626217824294	0.007186878932005479	-0.046192505526372066
0.07353626217824294	7.873954914934672E-4	-0.046192505526372066
0.07353626217824294	0.011869258474964284	-0.046192505526372066
0.07387155140866783	0.010803432827253271	-0.046192505526372066
0.07387155140866783	0.020512686530502113	-0.046192505526372066
0.07387155140866783	0.00827366731033578	-0.046192505526372066
0.07387155140866783	0.007917348204618145	-0.046192505526372066
0.07387155140866783	0.014162173466425976	-0.046192505526372066
0.07387155140866783	0.010521230432623357	-0.046192505526372066
0.07387155140866783	0.013997644675693305	-0.046192505526372066
0.07387155140866783	0.005866315876611761	-0.046192505526372066
0.07387155140866783	0.017111864577014985	-0.046192505526372066
0.07387155140866783	0.0058958456274266	-0.046192505526372066
0.07387155140866783	0.016497134805752437	-0.046192505526372066
0.07387155140866783	0.012383641421850684	-0.046192505526372066
0.07387155140866783	0.019048008914845746	-0.046192505526372066
0.07387155140866783	0.014760452432655188	-0.04670445973539046
0.07387155140866783	0.0068522269740984455	-0.04670445973539046
0.07387155140866783	0.008383225829823367	-0.04670445973539046
0.07387155140866783	0.012096668117149403	-0.04670445973539046
0.07387155140866783	0.0017997341853295324	-0.04670445973539046
0.07387155140866783	0.012237635450480549	-0.04670445973539046
0.07387155140866783	0.010028460892127658	-0.04670445973539046
0.07387155140866783	0.011248059425743194	-0.04670445973539046
0.07387155140866783	0.006145506821738074	-0.04670445973539046
0.07387155140866783	0.01251851065253374	-0.04670445973539046
0.07387155140866783	-0.002506173200462835	-0.04670445973539046
0.07387155140866783	0.005464529649100086	-0.04670445973539046
0.07387155140866783	0.013825549886397129	-0.04670445973539046
0.07387155140866783	0.019604728882570498	-0.04670445973539046
0.07387155140866783	0.005122708516292913	-0.04670445973539046
0.07387155140866783	0.0187068562944323	-0.04670445973539046
0.07387155140866783	0.010349873282381673	-0.04670445973539046
0.07387155140866783	0.012713949864927845	-0.04670445973539046
0.07387155140866783	0.019525086165585865	-0.04670445973539046
0.07387155140866783	0.01143065940638888	-0.04670445973539046
0.07387155140866783	0.017309663884609763	-0.04670445973539046
0.07387155140866783	-0.001322161593906477	-0.04670445973539046
0.07387155140866783	0.01361062914528095	-0.04670445973539046
0.07387155140866783	-0.0011657297309585108	-0.04670445973539046
0.07387155140866783	0.010689499963492772	-0.04670445973539046
0.07387155140866783	0.002227015605831758	-0.04670445973539046
0.07387155140866783	0.015068225308561478	-0.04670445973539046
0.07387155140866783	0.0030090249689860788	-0.04670445973539046
0.07387155140866783	0.003606120443155801	-0.04670445973539046
0.07387155140866783	0.006858167284764896	-0.04670445973539046
0.07387155140866783	0.010416612647415145	-0.04670445973539046
0.07387155140866783	0.027273404941236118	-0.04670445973539046
0.07387155140866783	0.01631360285531503	-0.04670445973539046
0.07387155140866783	0.012120602096982914	-0.04670445973539046
0.07387155140866783	0.013317071179852553	-0.04670445973539046
0.07387155140866783	0.0018497168521251501	-0.04670445973539046
0.07387155140866783	0.001917405828845517	-0.04670445973539046
0.07387155140866783	1.8708348743573625E-4	-0.04670445973539046
0.07387155140866783	3.115829116603859E-4	-0.04670445973539046
0.07387155140866783	0.013699386512197872	-0.04670445973539046
0.07387155140866783	0.014451588317571745	-0.04670445973539046
0.07387155140866783	0.005291634544018873	-0.04670445973539046
0.07387155140866783	0.017439006645375055	-0.04670445973539046
0.07387155140866783	0.005790650030879143	-0.04670445973539046
0.07387155140866783	0.015054475046229204	-0.04670445973539046
0.07387155140866783	0.014028133627129203	-0.04670445973539046
0.07387155140866783	0.012679408633800997	-0.04670445973539046
0.07387155140866783	0.014405230097023936	-0.04670445973539046
0.07387155140866783	0.0036062099613823006	-0.04670445973539046
0.07387155140866783	0.01172115716209549	-0.04670445973539046
0.07387155140866783	0.003718304892798925	-0.04670445973539046
0.07387155140866783	0.0020109246999975134	-0.04670445973539046
0.07387155140866783	0.011474481128101104	-0.04670445973539046
0.07387155140866783	0.01090109580046501	-0.04670445973539046
0.07387155140866783	0.0062196755379479935	-0.04670445973539046
0.07387155140866783	0.009148855194126157	-0.04670445973539046
0.07387155140866783	0.01954239395861248	-0.04670445973539046
0.07387155140866783	0.009293405348856181	-0.04670445973539046
0.07387155140866783	0.00413633092248998	-0.04670445973539046
0.07387155140866783	0.008429797572956092	-0.04670445973539046
0.07387155140866783	0.004929491277112278	-0.04670445973539046
0.029339459970913893	9.590127910506493E-4	-0.03716452370978249
0.06949200210149324	0.009770875667742986	-0.046639919942821725
0.06949200210149324	0.003028131964851341	-0.046639919942821725
0.06949200210149324	0.005089923216161104	-0.046639919942821725
0.07234093260718914	0.005735203519932372	-0.046639919942821725
0.07234093260718914	0.0074790740646093114	-0.046639919942821725
0.07234093260718914	0.007910424008562447	-0.046639919942821725
0.07234093260718914	0.018519092023445576	-0.046639919942821725
0.07234093260718914	0.008081475909352733	-0.046639919942821725
0.07234093260718914	0.009273718339243398	-0.046639919942821725
0.07234093260718914	0.011406076273397413	-0.046639919942821725
0.07234093260718914	0.019013090701049035	-0.046639919942821725
0.07234093260718914	0.008684092099433171	-0.046639919942821725
0.07234093260718914	0.008670340596158182	-0.046639919942821725
0.07234093260718914	0.016541340114720988	-0.046639919942821725
0.07234093260718914	0.0014440839407655662	-0.046639919942821725
0.07234093260718914	0.007753880203171812	-0.046639919942821725
0.07234093260718914	0.006178215697520215	-0.046639919942821725
0.07234093260718914	4.8732711420837704E-4	-0.046639919942821725
0.07234093260718914	0.0023122333734244735	-0.046639919942821725
0.07234093260718914	0.014175129773839168	-0.046639919942821725
0.07234093260718914	0.019626866177241603	-0.046639919942821725
0.07234093260718914	0.006691639154506211	-0.046639919942821725
0.07234093260718914	0.005547013161178234	-0.046639919942821725
0.07234093260718914	0.0037260558901954684	-0.046639919942821725
0.07234093260718914	0.011766820951407669	-0.046639919942821725
0.07234093260718914	8.897931997299352E-4	-0.046639919942821725
0.07234093260718914	0.0025534936259345112	-0.046639919942821725
0.07234093260718914	0.009204806626984852	-0.046639919942821725
0.07234093260718914	0.009160354625169636	-0.046639919942821725
0.07234093260718914	0.004224450574007686	-0.046639919942821725
0.07332489722119047	0.017666471685242748	-0.046639919942821725
0.07332489722119047	0.011181038800287318	-0.046639919942821725
0.07332489722119047	-8.748279918358946E-4	-0.046639919942821725
0.07332489722119047	0.007305520644263204	-0.046639919942821725
0.07332489722119047	0.0017295034853133853	-0.046639919942821725
0.07332489722119047	0.0036882317930686053	-0.046639919942821725
0.07332489722119047	0.016387546947949087	-0.046639919942821725
0.07332489722119047	0.011819716379947704	-0.046639919942821725
0.07332489722119047	0.003963079134531507	-0.046639919942821725
0.07332489722119047	0.0077741803514486	-0.046639919942821725
0.07332489722119047	0.018047794444297733	-0.046639919942821725
0.07332489722119047	0.019487179003975973	-0.046639919942821725
0.07332489722119047	0.010920089052437486	-0.046639919942821725
0.07332489722119047	0.018112407490705522	-0.046639919942821725
0.07332489722119047	0.0032397044446227374	-0.046639919942821725
0.07332489722119047	5.526752082157591E-4	-0.046639919942821725
0.07332489722119047	0.012847393718075917	-0.046639919942821725
0.07332489722119047	0.01147078126707835	-0.046639919942821725
0.07332489722119047	0.00968371361806378	-0.046639919942821725
0.07332489722119047	0.009132505243503243	-0.046639919942821725
0.07332489722119047	0.004649421959700896	-0.046639919942821725
0.07332489722119047	0.00490538170058664	-0.046639919942821725
0.07332489722119047	0.011704916237402368	-0.046639919942821725
0.07332489722119047	0.008042837799800315	-0.046639919942821725
0.07332489722119047	0.006056689517530928	-0.046639919942821725
0.07332489722119047	0.01572358063122577	-0.046639919942821725
0.07332489722119047	0.019198660788052165	-0.046639919942821725
0.07332489722119047	0.023560461241875184	-0.046639919942821725
0.07332489722119047	-0.0018540502979315465	-0.046639919942821725
0.07332489722119047	0.013657288027404008	-0.046639919942821725
0.07332489722119047	0.022449248974390254	-0.046639919942821725
0.07332489722119047	0.007633609192795354	-0.046639919942821725
0.07332489722119047	0.004337549735795652	-0.046639919942821725
0.07332489722119047	0.009048779646565634	-0.04761595635300897
0.07332489722119047	0.013480220698964884	-0.04761595635300897
0.07332489722119047	0.004063817745858985	-0.04761595635300897
0.07332489722119047	0.0026119955092607323	-0.04761595635300897
0.07332489722119047	0.005680201267979092	-0.04761595635300897
0.07332489722119047	-0.0021116756346092466	-0.04761595635300897
0.07332489722119047	0.013088489713382997	-0.04761595635300897
0.07332489722119047	0.014480100227286566	-0.04761595635300897
0.07332489722119047	0.018321771660615195	-0.04761595635300897
0.07332489722119047	0.025029149033589736	-0.04761595635300897
0.07332489722119047	-0.0018180694407136828	-0.04761595635300897
0.07332489722119047	0.005553001566973287	-0.04761595635300897
0.07332489722119047	0.0026472123330915074	-0.04761595635300897
0.07332489722119047	0.0015515122625690174	-0.04761595635300897
0.07332489722119047	0.0022310189382963278	-0.04761595635300897
0.07332489722119047	-6.968710973015164E-4	-0.04761595635300897
0.07369315561054002	0.015135130584788752	-0.04761595635300897
0.07369315561054002	0.00981802277206171	-0.04761595635300897
0.07369315561054002	-0.0038649518612501057	-0.04761595635300897
0.07369315561054002	0.009499126630326104	-0.04761595635300897
0.07369315561054002	0.009291750723775406	-0.04761595635300897
0.07369315561054002	0.013138287951083166	-0.04761595635300897
0.07369315561054002	0.015894476011612285	-0.04761595635300897
0.07369315561054002	0.010159707275791295	-0.04761595635300897
0.07369315561054002	0.014437662090215025	-0.04761595635300897
0.07369315561054002	0.011734561934390429	-0.04761595635300897
0.07369315561054002	0.016339080737766305	-0.04761595635300897
0.07369315561054002	0.007793545211986446	-0.04761595635300897
0.07369315561054002	0.018240333616127903	-0.04761595635300897
0.07371979829408257	-0.0013649093307750398	-0.04761595635300897
0.07418130760436213	0.009407203230871884	-0.04761595635300897
0.07418130760436213	0.01081586609716591	-0.04761595635300897
0.07418130760436213	0.011520438703993805	-0.04761595635300897
0.07418130760436213	0.012740706870587629	-0.04761595635300897
0.07418130760436213	0.00957940367217141	-0.04761595635300897
0.07418130760436213	0.003196953564311859	-0.04761595635300897
0.07418130760436213	0.009762336828541546	-0.04761595635300897
0.028079584374346715	3.383081702822774E-4	-0.03716452370978249
0.06983579644367659	0.00927447483851567	-0.045773856940534416
0.06983579644367659	0.007631803461628228	-0.046373850577185904
0.06983579644367659	0.014029229093721998	-0.046741876763311804
0.07196654468599628	0.00480488806397902	-0.046741876763311804
0.07196654468599628	-2.0308071599020524E-4	-0.046741876763311804
0.07196654468599628	0.01266662061504314	-0.046741876763311804
0.07196654468599628	0.010190837676322844	-0.046741876763311804
0.07478853499856386	7.202114353754821E-4	-0.046741876763311804
0.07478853499856386	0.012593026106507341	-0.046741876763311804
0.07478853499856386	0.005869955631240408	-0.046741876763311804
0.07478853499856386	0.013459205686456161	-0.046741876763311804
0.07478853499856386	0.01540578953563847	-0.046741876763311804
0.07478853499856386	0.010159212398753904	-0.046741876763311804
0.07478853499856386	-0.004359265196963662	-0.046741876763311804
0.07478853499856386	0.019668517016607708	-0.046741876763311804
0.07478853499856386	0.006630287292229748	-0.046741876763311804
0.07478853499856386	0.01788392787011877	-0.046741876763311804
0.07478853499856386	0.015826850777452477	-0.046741876763311804
0.07478853499856386	0.004963090049975155	-0.046741876763311804
0.07478853499856386	0.0150609514273917	-0.046741876763311804
0.07478853499856386	0.012177655649805856	-0.046741876763311804
0.07478853499856386	0.005118913020072396	-0.04733974713235163
0.07478853499856386	0.014769825339975309	-0.04733974713235163
0.07478853499856386	0.00580196483747038	-0.04733974713235163
0.07478853499856386	0.01713845950584097	-0.04733974713235163
0.07478853499856386	0.011906489049757371	-0.04733974713235163
0.07478853499856386	0.00823950829711581	-0.04733974713235163
0.07478853499856386	0.003953133124257572	-0.04733974713235163
0.07478853499856386	0.00855197341465344	-0.04733974713235163
0.07478853499856386	0.007203309095390326	-0.04733974713235163
0.07478853499856386	0.010933966203045879	-0.04733974713235163
0.07478853499856386	0.0049050604300324065	-0.04733974713235163
0.07478853499856386	0.006881288123247449	-0.04733974713235163
0.07478853499856386	-7.281744316290431E-5	-0.04733974713235163
0.07478853499856386	6.941234435930095E-4	-0.04733974713235163
0.07478853499856386	0.010322088542792462	-0.04733974713235163
0.07478853499856386	-5.357110437330139E-4	-0.04733974713235163
0.07478853499856386	0.014911849178293596	-0.04733974713235163
0.07478853499856386	0.009518483393925442	-0.04733974713235163
0.07478853499856386	0.013444440344665923	-0.04733974713235163
0.07478853499856386	0.005925834671366601	-0.04733974713235163
0.07478853499856386	0.012101232134447693	-0.04733974713235163
0.07478853499856386	-1.5337697456424982E-4	-0.04733974713235163
0.07478853499856386	0.00770299190667603	-0.04733974713235163
0.07478853499856386	0.014188058323106923	-0.04733974713235163
0.07478853499856386	0.010602618124911489	-0.04733974713235163
0.07478853499856386	0.01699967926670466	-0.04733974713235163
0.07478853499856386	0.009230897191305107	-0.04733974713235163
0.07478853499856386	0.015402298355608463	-0.04733974713235163
0.07478853499856386	3.6092971564953644E-4	-0.04733974713235163
0.07478853499856386	0.004912409220441989	-0.04733974713235163
0.07478853499856386	0.007925526023346677	-0.04733974713235163
0.07478853499856386	0.012084460012366977	-0.04733974713235163
0.07478853499856386	0.009924321327510956	-0.04733974713235163
0.07478853499856386	0.006826383971395263	-0.04733974713235163
0.07478853499856386	0.007103975061324147	-0.04733974713235163
0.07478853499856386	0.007153174202240607	-0.04733974713235163
0.07478853499856386	0.005223469681410218	-0.04733974713235163
0.07478853499856386	0.009888964955411804	-0.04733974713235163
0.07478853499856386	0.01785793426254201	-0.04733974713235163
0.07478853499856386	0.001815639958180984	-0.04733974713235163
0.07478853499856386	0.016567978084811034	-0.04733974713235163
0.07478853499856386	0.003168806753882103	-0.04733974713235163
0.07478853499856386	0.01504401966683885	-0.04733974713235163
0.07478853499856386	0.012002279177927058	-0.04733974713235163
0.07478853499856386	0.0019419081787318744	-0.04733974713235163
0.07478853499856386	0.010883644731274848	-0.04733974713235163
0.07478853499856386	0.012210386207095202	-0.04733974713235163
0.07478853499856386	0.014212679662348843	-0.04733974713235163
0.07478853499856386	0.004040807126089086	-0.04733974713235163
0.07478853499856386	0.012654501030147267	-0.04733974713235163
0.07478853499856386	0.013454611409228481	-0.04733974713235163
0.07478853499856386	0.0014066879104968125	-0.04733974713235163
0.07478853499856386	0.019282240226794114	-0.04733974713235163
0.07478853499856386	0.004551768685376684	-0.04733974713235163
0.07478853499856386	0.01298608844929417	-0.04733974713235163
0.07478853499856386	0.011089724746101589	-0.04733974713235163
0.07478853499856386	0.006085429253299808	-0.04733974713235163
0.07478853499856386	0.00419289252227609	-0.04733974713235163
0.07478853499856386	0.01762855020821006	-0.04733974713235163
0.07478853499856386	0.01077603561681424	-0.04733974713235163
0.07478853499856386	0.02050683756894512	-0.04733974713235163
0.07478853499856386	0.009694501034860605	-0.04733974713235163
0.07478853499856386	0.012471197556919047	-0.04733974713235163
0.07478853499856386	0.0067937767557450235	-0.04733974713235163
0.07478853499856386	0.010536427110699288	-0.04733974713235163
0.07478853499856386	0.011457258561800155	-0.04733974713235163
0.07478853499856386	0.0117637255702696	-0.04733974713235163
0.07478853499856386	0.0013744390918197804	-0.04733974713235163
0.07478853499856386	0.002586652049784583	-0.04733974713235163
0.07478853499856386	0.01036960126796064	-0.04733974713235163
0.07478853499856386	0.012747681816613603	-0.04733974713235163
0.07478853499856386	0.010089421873077598	-0.04733974713235163
0.07478853499856386	0.019045639780671916	-0.04733974713235163
0.07478853499856386	0.01779309649126678	-0.04733974713235163
0.07478853499856386	0.013520934177335634	-0.04733974713235163
0.07478853499856386	0.011530658467163734	-0.04733974713235163
0.07478853499856386	0.008611629206396458	-0.04733974713235163
0.07478853499856386	0.007973235643943508	-0.04733974713235163
0.07478853499856386	0.0035677240933328636	-0.04733974713235163
0.028079584374346715	0.0021511401474129596	-0.03716452370978249
0.06773048674187013	0.006246155627924769	-0.04315614846113065
0.06773048674187013	0.02321210361773744	-0.04525584031625218
0.07082393294078076	0.020217561353529166	-0.04525584031625218
0.07082393294078076	0.003597552713313942	-0.04526524763605787
0.07082393294078076	0.01918458763594323	-0.04526524763605787
0.07082393294078076	0.011304285590581433	-0.04526524763605787
0.07082393294078076	0.0045547733150071235	-0.04526524763605787
0.07082393294078076	0.003661958900231801	-0.04526524763605787
0.07082393294078076	0.011487967295900615	-0.04526524763605787
0.07184413069274431	0.011762327111110044	-0.04526524763605787
0.0749718150363646	0.004124674345804253	-0.04526524763605787
0.0749718150363646	0.012678402873878811	-0.04526524763605787
0.0749718150363646	0.019178147723733087	-0.04526524763605787
0.0749718150363646	0.005809110810960673	-0.04526524763605787
0.0749718150363646	0.011666998812644307	-0.04526524763605787
0.0749718150363646	0.007183401044572046	-0.045706879907808126
0.0749718150363646	0.014398454945195479	-0.045706879907808126
0.0749718150363646	0.014396369559998883	-0.045706879907808126
0.0749718150363646	0.006804354990956912	-0.045706879907808126
0.0749718150363646	0.009789025687069077	-0.045706879907808126
0.0749718150363646	0.0069293735430596025	-0.045706879907808126
0.0749718150363646	0.001690369693185196	-0.045706879907808126
0.0749718150363646	0.02497249293678999	-0.045706879907808126
0.0749718150363646	0.003055682260340969	-0.045706879907808126
0.0749718150363646	0.010928876809340269	-0.045706879907808126
0.0749718150363646	0.010860094400718858	-0.045706879907808126
0.0749718150363646	0.009785563819595182	-0.045706879907808126
0.0749718150363646	0.012640928071500374	-0.045706879907808126
0.07500211868796683	0.01235466882156572	-0.045706879907808126
0.07500211868796683	0.012727945518435781	-0.045706879907808126
0.07500211868796683	0.009079450162417518	-0.045706879907808126
0.07500211868796683	0.010083416079696017	-0.045706879907808126
0.07500211868796683	0.016948283043849616	-0.045706879907808126
0.07500211868796683	0.019354324698067277	-0.045706879907808126
0.07500211868796683	0.0013008576970378685	-0.045706879907808126
0.07500211868796683	0.0012876864450916097	-0.045706879907808126
0.07500211868796683	0.012400799158892703	-0.045706879907808126
0.07500211868796683	0.0075080275393279395	-0.045706879907808126
0.07500211868796683	0.010813311464991255	-0.045706879907808126
0.07549872305283833	0.010570346784872234	-0.045706879907808126
0.07549872305283833	0.005284305812093872	-0.045706879907808126
0.07549872305283833	0.013104194901802512	-0.045706879907808126
0.07549872305283833	0.011123477653523037	-0.045706879907808126
0.07549872305283833	0.017927907215910952	-0.045706879907808126
0.07549872305283833	0.01631907653991569	-0.045706879907808126
0.07549872305283833	0.0024023974285487977	-0.045706879907808126
0.07549872305283833	0.008029917897410865	-0.045706879907808126
0.07549872305283833	0.008136233481743568	-0.045706879907808126
0.07549872305283833	0.009120757541098673	-0.045706879907808126
0.07549872305283833	0.014736059030193724	-0.045706879907808126
0.07549872305283833	0.01234230075626343	-0.045706879907808126
0.07549872305283833	0.005554775996443007	-0.045706879907808126
0.07549872305283833	0.006173147089527905	-0.045706879907808126
0.07549872305283833	0.01840829671175422	-0.045706879907808126
0.07549872305283833	0.0021253700382764646	-0.045706879907808126
0.07549872305283833	0.008955575823177384	-0.045706879907808126
0.07549872305283833	0.011879973466288076	-0.045706879907808126
0.07549872305283833	0.007969516560168623	-0.045706879907808126
0.07549872305283833	-0.0017557565851207726	-0.045706879907808126
0.07549872305283833	0.0036214263631536695	-0.045706879907808126
0.07549872305283833	0.020253406647822998	-0.04599972124024838
0.07549872305283833	0.005683214345918372	-0.04599972124024838
0.07549872305283833	0.011796425804974517	-0.04599972124024838
0.07549872305283833	0.020241210204117007	-0.04599972124024838
0.07549872305283833	0.007173863950553272	-0.046185035380172504
0.07549872305283833	3.197475785404573E-4	-0.046185035380172504
0.07549872305283833	0.010562926907249305	-0.046185035380172504
0.07549872305283833	0.013090040382538878	-0.046185035380172504
0.07549872305283833	0.01621653502573375	-0.046185035380172504
0.07549872305283833	0.008632884337819844	-0.046185035380172504
0.07549872305283833	0.008151912010890333	-0.046185035380172504
0.07549872305283833	0.003942590094370054	-0.046185035380172504
0.07549872305283833	0.0019195801763284136	-0.046185035380172504
0.07549872305283833	0.015204768091580367	-0.046185035380172504
0.07549872305283833	0.017548913794329796	-0.046185035380172504
0.07549872305283833	0.012351833329157133	-0.046185035380172504
0.07549872305283833	0.011410117005973847	-0.046185035380172504
0.07549872305283833	0.013520817703086838	-0.046185035380172504
0.07549872305283833	0.00804610271664843	-0.046185035380172504
0.07549872305283833	0.012213802947752261	-0.046185035380172504
0.07549872305283833	0.008724114989985998	-0.046185035380172504
0.07549872305283833	0.009455489604667643	-0.046185035380172504
0.07549872305283833	0.014039952744488623	-0.046185035380172504
0.07549872305283833	0.015377339041271629	-0.046185035380172504
0.07549872305283833	0.003040864097020696	-0.046185035380172504
0.07549872305283833	0.017565343199499543	-0.046185035380172504
0.07549872305283833	6.603736016492521E-4	-0.046185035380172504
0.07549872305283833	0.004810822010201569	-0.046185035380172504
0.07549872305283833	0.009423798214659156	-0.046185035380172504
0.07549872305283833	0.005978590880932294	-0.046185035380172504
0.07549872305283833	0.010720087895891569	-0.046185035380172504
0.07549872305283833	0.01225607065080012	-0.046185035380172504
0.07549872305283833	0.009865225166291212	-0.046185035380172504
0.07549872305283833	0.0043656101770067225	-0.046185035380172504
0.07549872305283833	0.007099274862584296	-0.046185035380172504
0.07549872305283833	0.012517158997994498	-0.046185035380172504
0.07549872305283833	8.462830566956158E-4	-0.046185035380172504
0.07549872305283833	0.008532416346202913	-0.046185035380172504
0.07549872305283833	0.0034444530857978147	-0.046185035380172504
0.07549872305283833	0.015420103625579972	-0.046185035380172504
